101 102
101 103
101 105
102 105
102 108
102 109
102 307
103 104
103 105
103 106
104 106
104 108
104 107
104 201
105 106
105 108
106 108
107 108
107 110
107 111
107 201
108 109
108 110
108 112
110 111
110 112
110 601
111 201
111 202
111 402
112 602
201 202
201 203
202 204
202 205
202 402
203 206
204 205
204 206
205 206
205 401
205 402
206 207
207 301
301 302
301 305
302 303
302 304
303 304
303 308
303 309
304 305
304 306
304 308
305 307
305 306
306 307
306 308
308 309
309 501
401 402
401 403
401 404
401 504
402 403
403 404
403 405
403 406
404 405
405 406
501 502 
501 504
502 503
502 504
503 504
601 604
602 603
602 604
603 604
